Train 0 4.33682 4852 16453.4 Test 0 0
Train 0 0.046149 4852 16453.4 Test 0 0
Train 1 0.0902726 4853 21325.5 Test 0 0
Train 2 0.117616 4853 23306.2 Test 0 0
Train 3 0.142778 4853 24572.8 Test 0 0
Train 4 0.177705 4853 25481.4 Test 0 0
Train 5 0.210831 4853 26176.7 Test 0 0
Train 6 0.25386 4853 26731.5 Test 0 0
Train 7 0.29665 4853 27188.2 Test 0 0
Train 8 0.342503 4853 27572.9 Test 0 0
Train 9 0.384509 4853 27902.7 Test 0 0
Train 10 0.433807 4853 28189.7 Test 0 0
Train 11 0.474223 4853 28442.5 Test 0 0
Train 12 0.509849 4853 28667.3 Test 0 0
Train 13 0.535108 4853 28869.1 Test 0 0
Train 14 0.564561 4853 29051.7 Test 0 0
Train 15 0.594952 4853 29217.7 Test 0 0
Train 16 0.625506 4853 29369.8 Test 0 0
Train 17 0.651264 4853 29509.6 Test 0 0
Train 18 0.683363 4853 29638.6 Test 0 0
Train 19 0.727902 4853 29758.3 Test 0 0
Train 20 0.76945 4853 29869.7 Test 0 0
Train 21 0.811085 4853 29974 Test 0 0
Train 22 0.853984 4853 30071.6 Test 0 0
Train 23 0.888275 4853 30162.9 Test 0 0
Train 24 0.915126 4853 30249.4 Test 0 0
Train 25 0.955111 4853 30330.6 Test 0 0
Train 26 0.983719 4853 30407.7 Test 0 0
Train 27 1.00816 4853 30480.7 Test 0 0
Train 28 1.04309 4853 30550.1 Test 0 0
Train 29 1.081 4853 30615.7 Test 0 0
Train 30 1.10547 4853 30678.5 Test 0 0
Train 31 1.14253 4853 30738.5 Test 0 0
Train 32 1.1842 4853 30795.7 Test 0 0
Train 33 1.22483 4853 30850.5 Test 0 0
Train 34 1.25813 4853 30902.9 Test 0 0
Train 35 1.30101 4853 30953.3 Test 0 0
Train 36 1.34155 4853 31001.6 Test 0 0
Train 37 1.38548 4853 31048.5 Test 0 0
Train 38 1.42408 4853 31093.1 Test 0 0
Train 39 1.46774 4853 31136.4 Test 0 0
Train 40 1.51003 4853 31177.6 Test 0 0
Train 41 1.54861 4853 31217.9 Test 0 0
Train 42 1.58205 4853 31256.6 Test 0 0
Train 43 1.62034 4853 31294.1 Test 0 0
Train 44 1.66326 4853 31330.3 Test 0 0
Train 45 1.70487 4853 31365.5 Test 0 0
Train 46 1.74499 4853 31399.4 Test 0 0
Train 47 1.78562 4853 31432.3 Test 0 0
Train 48 1.83157 4853 31464.4 Test 0 0
Train 49 1.87819 4853 31495.5 Test 0 0
Train 50 1.91428 4853 31525.5 Test 0 0
Train 51 1.95671 4853 31554.8 Test 0 0
Train 52 1.99651 4853 31583.3 Test 0 0
Train 53 2.03595 4853 31611.1 Test 0 0
Train 54 2.0768 4853 31638.3 Test 0 0
Train 55 2.11913 4853 31664.6 Test 0 0
Train 56 2.15804 4853 31690.3 Test 0 0
Train 57 2.19613 4853 31715.4 Test 0 0
Train 58 2.23447 4853 31739.7 Test 0 0
Train 59 2.2759 4853 31763.5 Test 0 0
Train 60 2.31461 4853 31786.8 Test 0 0
Train 61 2.3573 4853 31809.2 Test 0 0
Train 62 2.38696 4853 31831.5 Test 0 0
Train 63 2.41436 4853 31852.9 Test 0 0
Train 64 2.44135 4853 31874.2 Test 0 0
Train 65 2.47538 4853 31894.6 Test 0 0
Train 66 2.51152 4853 31914.9 Test 0 0
Train 67 2.55696 4853 31934.8 Test 0 0
Train 68 2.601 4853 31953.9 Test 0 0
Train 69 2.6453 4853 31972.7 Test 0 0
Train 70 2.68709 4853 31991.3 Test 0 0
Train 71 2.72723 4853 32009.5 Test 0 0
Train 72 2.77013 4853 32027.1 Test 0 0
Train 73 2.8097 4853 32044.5 Test 0 0
Train 74 2.85043 4853 32061.6 Test 0 0
Train 75 2.89806 4853 32078.3 Test 0 0
Train 76 2.92876 4853 32094.6 Test 0 0
Train 77 2.95836 4853 32110.8 Test 0 0
Train 78 2.99743 4853 32126.6 Test 0 0
Train 79 3.03943 4853 32142.2 Test 0 0
Train 80 3.07872 4853 32157.2 Test 0 0
Train 81 3.11224 4853 32172.3 Test 0 0
Train 82 3.15075 4853 32186.9 Test 0 0
Train 83 3.19338 4853 32201.2 Test 0 0
Train 84 3.23386 4853 32215.5 Test 0 0
Train 85 3.27506 4853 32229.3 Test 0 0
Train 86 3.31435 4853 32243.1 Test 0 0
Train 87 3.35596 4853 32256.4 Test 0 0
Train 88 3.39707 4853 32269.6 Test 0 0
Train 89 3.43771 4853 32282.7 Test 0 0
Train 90 3.47931 4853 32295.6 Test 0 0
Train 91 3.52642 4853 32308.1 Test 0 0
Train 92 3.56234 4853 32320.5 Test 0 0
Train 93 3.60458 4853 32332.6 Test 0 0
Train 94 3.64881 4853 32344.7 Test 0 0
Train 95 3.69301 4853 32356.5 Test 0 0
Train 96 3.73421 4853 32368.2 Test 0 0
Train 97 3.76826 4853 32379.4 Test 0 0
Train 98 3.80921 4853 32390.7 Test 0 0
Train 99 3.84953 4853 32401.8 Test 0 0
Train 0 0.0409693 4852 16453.4 Test 0 0
Train 1 0.0792534 4853 21325.5 Test 0 0
Train 2 0.121412 4853 23306.2 Test 0 0
Train 3 0.159241 4853 24572.8 Test 0 0
Train 4 0.194626 4853 25481.4 Test 0 0
Train 5 0.236528 4853 26176.7 Test 0 0
Train 6 0.275852 4853 26731.5 Test 0 0
Train 7 0.316543 4853 27188.2 Test 0 0
Train 8 0.350842 4853 27572.9 Test 0 0
Train 9 0.388683 4853 27902.7 Test 0 0
Train 10 0.429959 4853 28189.7 Test 0 0
Train 11 0.469567 4853 28442.5 Test 0 0
Train 12 0.504807 4853 28667.3 Test 0 0
Train 13 0.547525 4853 28869.1 Test 0 0
Train 14 0.586842 4853 29051.7 Test 0 0
Train 15 0.624147 4853 29217.7 Test 0 0
Train 16 0.666219 4853 29369.8 Test 0 0
Train 17 0.698528 4853 29509.6 Test 0 0
Train 18 0.734712 4853 29638.6 Test 0 0
Train 19 0.77452 4853 29758.3 Test 0 0
Train 20 0.813807 4853 29869.7 Test 0 0
Train 21 0.850653 4853 29974 Test 0 0
Train 22 0.892452 4853 30071.6 Test 0 0
Train 23 0.929863 4853 30162.9 Test 0 0
Train 24 0.965437 4853 30249.4 Test 0 0
Train 25 1.00739 4853 30330.6 Test 0 0
Train 26 1.04908 4853 30407.7 Test 0 0
Train 27 1.08525 4853 30480.7 Test 0 0
Train 28 1.12134 4853 30550.1 Test 0 0
Train 29 1.15753 4853 30615.7 Test 0 0
Train 30 1.19825 4853 30678.5 Test 0 0
Train 31 1.23315 4853 30738.5 Test 0 0
Train 32 1.26552 4853 30795.7 Test 0 0
Train 33 1.3021 4853 30850.5 Test 0 0
Train 34 1.33961 4853 30902.9 Test 0 0
Train 35 1.37548 4853 30953.3 Test 0 0
Train 36 1.41851 4853 31001.6 Test 0 0
Train 37 1.45457 4853 31048.5 Test 0 0
Train 38 1.48896 4853 31093.1 Test 0 0
Train 39 1.52184 4853 31136.4 Test 0 0
Train 40 1.56581 4853 31177.6 Test 0 0
Train 41 1.60642 4853 31217.9 Test 0 0
Train 42 1.64953 4853 31256.6 Test 0 0
Train 43 1.69498 4853 31294.1 Test 0 0
Train 44 1.73852 4853 31330.3 Test 0 0
Train 45 1.78392 4853 31365.5 Test 0 0
Train 46 1.82946 4853 31399.4 Test 0 0
Train 47 1.87341 4853 31432.3 Test 0 0
Train 48 1.91771 4853 31464.4 Test 0 0
Train 49 1.96119 4853 31495.5 Test 0 0
Train 50 2.00274 4853 31525.5 Test 0 0
Train 51 2.04592 4853 31554.8 Test 0 0
Train 52 2.08924 4853 31583.3 Test 0 0
Train 53 2.13282 4853 31611.1 Test 0 0
Train 54 2.1755 4853 31638.3 Test 0 0
Train 55 2.21901 4853 31664.6 Test 0 0
Train 56 2.26226 4853 31690.3 Test 0 0
Train 57 2.30463 4853 31715.4 Test 0 0
Train 58 2.3432 4853 31739.7 Test 0 0
Train 59 2.3854 4853 31763.5 Test 0 0
Train 60 2.42652 4853 31786.8 Test 0 0
Train 61 2.46879 4853 31809.2 Test 0 0
Train 62 2.51212 4853 31831.5 Test 0 0
Train 63 2.55524 4853 31852.9 Test 0 0
Train 64 2.59093 4853 31874.2 Test 0 0
Train 65 2.63507 4853 31894.6 Test 0 0
Train 66 2.67925 4853 31914.9 Test 0 0
Train 67 2.72288 4853 31934.8 Test 0 0
Train 68 2.76725 4853 31953.9 Test 0 0
Train 69 2.81167 4853 31972.7 Test 0 0
Train 70 2.85527 4853 31991.3 Test 0 0
Train 71 2.89922 4853 32009.5 Test 0 0
Train 72 2.94201 4853 32027.1 Test 0 0
Train 73 2.98511 4853 32044.5 Test 0 0
Train 74 3.02721 4853 32061.6 Test 0 0
Train 75 3.07034 4853 32078.3 Test 0 0
Train 76 3.11426 4853 32094.6 Test 0 0
Train 77 3.15728 4853 32110.8 Test 0 0
Train 78 3.19981 4853 32126.6 Test 0 0
Train 79 3.24349 4853 32142.2 Test 0 0
Train 80 3.28728 4853 32157.2 Test 0 0
Train 81 3.33125 4853 32172.3 Test 0 0
Train 82 3.37486 4853 32186.9 Test 0 0
Train 83 3.41925 4853 32201.2 Test 0 0
Train 84 3.46322 4853 32215.5 Test 0 0
Train 85 3.50328 4853 32229.3 Test 0 0
Train 86 3.54719 4853 32243.1 Test 0 0
Train 87 3.59125 4853 32256.4 Test 0 0
Train 88 3.63343 4853 32269.6 Test 0 0
Train 89 3.67546 4853 32282.7 Test 0 0
Train 90 3.71861 4853 32295.6 Test 0 0
Train 91 3.75257 4853 32308.1 Test 0 0
Train 92 3.79575 4853 32320.5 Test 0 0
Train 93 3.83809 4853 32332.6 Test 0 0
Train 94 3.87446 4853 32344.7 Test 0 0
Train 95 3.91271 4853 32356.5 Test 0 0
Train 96 3.95475 4853 32368.2 Test 0 0
Train 97 3.99538 4853 32379.4 Test 0 0
Train 98 4.03525 4853 32390.7 Test 0 0
Train 99 4.08098 4853 32401.8 Test 0 0
Train 0 0.0388026 4852 16453.4 Test 0 0
Train 1 0.0818006 4853 21325.5 Test 0 0
Train 2 0.117548 4853 23306.2 Test 0 0
Train 3 0.15326 4853 24572.8 Test 0 0
Train 4 0.192348 4853 25481.4 Test 0 0
Train 5 0.226777 4853 26176.7 Test 0 0
Train 6 0.266047 4853 26731.5 Test 0 0
Train 7 0.305749 4853 27188.2 Test 0 0
Train 8 0.339894 4853 27572.9 Test 0 0
Train 9 0.379999 4853 27902.7 Test 0 0
Train 10 0.42039 4853 28189.7 Test 0 0
Train 11 0.45702 4853 28442.5 Test 0 0
Train 12 0.489276 4853 28667.3 Test 0 0
Train 13 0.524231 4853 28869.1 Test 0 0
Train 14 0.558958 4853 29051.7 Test 0 0
Train 15 0.588982 4853 29217.7 Test 0 0
Train 16 0.626025 4853 29369.8 Test 0 0
Train 17 0.660882 4853 29509.6 Test 0 0
Train 18 0.695503 4853 29638.6 Test 0 0
Train 19 0.735368 4853 29758.3 Test 0 0
Train 20 0.770349 4853 29869.7 Test 0 0
Train 21 0.804621 4853 29974 Test 0 0
Train 22 0.847618 4853 30071.6 Test 0 0
Train 23 0.883506 4853 30162.9 Test 0 0
Train 24 0.913857 4853 30249.4 Test 0 0
Train 25 0.953517 4853 30330.6 Test 0 0
Train 26 0.986396 4853 30407.7 Test 0 0
Train 27 1.02276 4853 30480.7 Test 0 0
Train 28 1.06193 4853 30550.1 Test 0 0
Train 29 1.09655 4853 30615.7 Test 0 0
Train 30 1.12659 4853 30678.5 Test 0 0
Train 31 1.1664 4853 30738.5 Test 0 0
Train 32 1.19992 4853 30795.7 Test 0 0
Train 33 1.23113 4853 30850.5 Test 0 0
Train 34 1.26561 4853 30902.9 Test 0 0
Train 35 1.29993 4853 30953.3 Test 0 0
Train 36 1.33784 4853 31001.6 Test 0 0
Train 37 1.37288 4853 31048.5 Test 0 0
Train 38 1.40789 4853 31093.1 Test 0 0
Train 39 1.44809 4853 31136.4 Test 0 0
Train 40 1.48259 4853 31177.6 Test 0 0
Train 41 1.51844 4853 31217.9 Test 0 0
Train 42 1.55804 4853 31256.6 Test 0 0
Train 43 1.58851 4853 31294.1 Test 0 0
Train 44 1.62557 4853 31330.3 Test 0 0
Train 45 1.66749 4853 31365.5 Test 0 0
Train 46 1.70049 4853 31399.4 Test 0 0
Train 47 1.72813 4853 31432.3 Test 0 0
Train 48 1.76767 4853 31464.4 Test 0 0
Train 49 1.8015 4853 31495.5 Test 0 0
Train 50 1.83563 4853 31525.5 Test 0 0
Train 51 1.8763 4853 31554.8 Test 0 0
Train 52 1.91107 4853 31583.3 Test 0 0
Train 53 1.94502 4853 31611.1 Test 0 0
Train 54 1.98394 4853 31638.3 Test 0 0
Train 55 2.01987 4853 31664.6 Test 0 0
Train 56 2.05328 4853 31690.3 Test 0 0
Train 57 2.09667 4853 31715.4 Test 0 0
Train 58 2.13335 4853 31739.7 Test 0 0
Train 59 2.16815 4853 31763.5 Test 0 0
Train 60 2.20705 4853 31786.8 Test 0 0
Train 61 2.24357 4853 31809.2 Test 0 0
Train 62 2.27809 4853 31831.5 Test 0 0
Train 63 2.31875 4853 31852.9 Test 0 0
Train 64 2.35421 4853 31874.2 Test 0 0
Train 65 2.3909 4853 31894.6 Test 0 0
Train 66 2.43108 4853 31914.9 Test 0 0
Train 67 2.46702 4853 31934.8 Test 0 0
Train 68 2.50314 4853 31953.9 Test 0 0
Train 69 2.54169 4853 31972.7 Test 0 0
Train 70 2.57514 4853 31991.3 Test 0 0
Train 71 2.60417 4853 32009.5 Test 0 0
Train 72 2.6407 4853 32027.1 Test 0 0
Train 73 2.66815 4853 32044.5 Test 0 0
Train 74 2.70606 4853 32061.6 Test 0 0
Train 75 2.74628 4853 32078.3 Test 0 0
Train 76 2.78432 4853 32094.6 Test 0 0
Train 77 2.81381 4853 32110.8 Test 0 0
Train 78 2.84801 4853 32126.6 Test 0 0
Train 79 2.88187 4853 32142.2 Test 0 0
Train 80 2.91753 4853 32157.2 Test 0 0
Train 81 2.9571 4853 32172.3 Test 0 0
Train 82 2.98863 4853 32186.9 Test 0 0
Train 83 3.02274 4853 32201.2 Test 0 0
Train 84 3.05931 4853 32215.5 Test 0 0
Train 85 3.09573 4853 32229.3 Test 0 0
Train 86 3.12717 4853 32243.1 Test 0 0
Train 87 3.16623 4853 32256.4 Test 0 0
Train 88 3.20205 4853 32269.6 Test 0 0
Train 89 3.23566 4853 32282.7 Test 0 0
Train 90 3.27891 4853 32295.6 Test 0 0
Train 91 3.31754 4853 32308.1 Test 0 0
Train 92 3.35034 4853 32320.5 Test 0 0
Train 93 3.38501 4853 32332.6 Test 0 0
Train 94 3.4247 4853 32344.7 Test 0 0
Train 95 3.45844 4853 32356.5 Test 0 0
Train 96 3.4957 4853 32368.2 Test 0 0
Train 97 3.53709 4853 32379.4 Test 0 0
Train 98 3.57446 4853 32390.7 Test 0 0
Train 99 3.60829 4853 32401.8 Test 0 0
Train 0 0.0405808 4852 16453.4 Test 0 0
Train 1 0.0799593 4852 15305.4 Test 0 0
Train 2 0.107151 4851 14739.2 Test 0 0
Train 3 0.130803 4848 14367.4 Test 0 0
Train 4 0.164333 4845 14089 Test 0 0
Train 5 0.198168 4842 13865.1 Test 0 0
Train 6 0.239174 4837 13676.7 Test 0 0
Train 7 0.275578 4832 13513.4 Test 0 0
Train 8 0.310658 4829 13369.1 Test 0 0
Train 9 0.35274 4823 13239.4 Test 0 0
Train 10 0.389524 4817 13121.7 Test 0 0
Train 11 0.417791 4809 13013.7 Test 0 0
Train 12 0.441135 4801 12914.2 Test 0 0
Train 13 0.466505 4786 12821.7 Test 0 0
Train 14 0.501089 4772 12735.5 Test 0 0
Train 15 0.537451 4756 12654.7 Test 0 0
Train 16 0.571573 4736 12578.7 Test 0 0
Train 17 0.61341 4716 12507 Test 0 0
Train 18 0.651717 4707 12439.2 Test 0 0
Train 19 0.687104 4694 12375 Test 0 0
Train 20 0.729654 4684 12313.9 Test 0 0
Train 21 0.768342 4678 12255.8 Test 0 0
Train 22 0.80742 4660 12200.3 Test 0 0
Train 23 0.849805 4649 12147.2 Test 0 0
Train 24 0.892177 4641 12096.6 Test 0 0
Train 25 0.928643 4637 12047.9 Test 0 0
Train 26 0.966009 4637 12001.4 Test 0 0
Train 27 1.00704 4630 11956.4 Test 0 0
Train 28 1.04905 4624 11913.4 Test 0 0
Train 29 1.08632 4623 11872 Test 0 0
Train 30 1.11768 4611 11831.9 Test 0 0
Train 31 1.15683 4612 11793.3 Test 0 0
Train 32 1.19273 4604 11756.1 Test 0 0
Train 33 1.22972 4598 11720.2 Test 0 0
Train 34 1.2724 4589 11685.3 Test 0 0
Train 35 1.31004 4590 11651.6 Test 0 0
Train 36 1.35078 4588 11619 Test 0 0
Train 37 1.39238 4585 11587.4 Test 0 0
Train 38 1.42891 4582 11556.6 Test 0 0
Train 39 1.4572 4577 11526.9 Test 0 0
Train 40 1.5008 4572 11497.9 Test 0 0
Train 41 1.53727 4570 11469.9 Test 0 0
Train 42 1.56888 4572 11442.7 Test 0 0
Train 43 1.60824 4571 11416.1 Test 0 0
Train 44 1.64371 4567 11390.3 Test 0 0
Train 45 1.68018 4564 11365.1 Test 0 0
Train 46 1.72146 4557 11340.6 Test 0 0
Train 47 1.75711 4553 11316.8 Test 0 0
Train 48 1.79017 4550 11293.5 Test 0 0
Train 49 1.83292 4543 11270.9 Test 0 0
Train 50 1.86686 4541 11248.7 Test 0 0
Train 51 1.90488 4539 11227.2 Test 0 0
Train 52 1.94556 4536 11206 Test 0 0
Train 53 1.98812 4535 11185.3 Test 0 0
Train 54 2.02474 4527 11165.3 Test 0 0
Train 55 2.06555 4524 11145.6 Test 0 0
Train 56 2.10668 4515 11126.4 Test 0 0
Train 57 2.14595 4512 11107.6 Test 0 0
Train 58 2.18168 4510 11089.2 Test 0 0
Train 59 2.22539 4510 11071.2 Test 0 0
Train 60 2.2674 4508 11053.6 Test 0 0
Train 61 2.30534 4507 11036.3 Test 0 0
Train 62 2.34682 4502 11019.4 Test 0 0
Train 63 2.38931 4505 11002.9 Test 0 0
Train 64 2.42589 4497 10986.7 Test 0 0
Train 65 2.45511 4494 10970.8 Test 0 0
Train 66 2.49725 4490 10955.1 Test 0 0
Train 67 2.53606 4488 10939.8 Test 0 0
Train 68 2.57212 4486 10924.8 Test 0 0
Train 69 2.61302 4477 10910.1 Test 0 0
Train 70 2.65546 4467 10895.7 Test 0 0
Train 71 2.69373 4463 10881.5 Test 0 0
Train 72 2.72635 4457 10867.6 Test 0 0
Train 73 2.76713 4455 10853.9 Test 0 0
Train 74 2.80554 4454 10840.5 Test 0 0
Train 75 2.83989 4446 10827.3 Test 0 0
Train 76 2.88122 4439 10814.4 Test 0 0
Train 77 2.92216 4434 10801.6 Test 0 0
Train 78 2.95889 4424 10789.1 Test 0 0
Train 79 2.9971 4416 10776.8 Test 0 0
Train 80 3.037 4412 10764.7 Test 0 0
Train 81 3.07361 4407 10752.8 Test 0 0
Train 82 3.10509 4403 10741.1 Test 0 0
Train 83 3.14732 4400 10729.6 Test 0 0
Train 84 3.18701 4400 10718.4 Test 0 0
Train 85 3.22308 4397 10707.3 Test 0 0
Train 86 3.26194 4391 10696.3 Test 0 0
Train 87 3.3046 4380 10685.5 Test 0 0
Train 88 3.34196 4379 10674.9 Test 0 0
Train 89 3.37896 4380 10664.3 Test 0 0
Train 90 3.4193 4378 10654 Test 0 0
Train 91 3.45623 4374 10643.9 Test 0 0
Train 92 3.49121 4369 10633.9 Test 0 0
Train 93 3.53427 4365 10624.1 Test 0 0
Train 94 3.573 4359 10614.4 Test 0 0
Train 95 3.6103 4356 10604.8 Test 0 0
Train 96 3.64684 4350 10595.4 Test 0 0
Train 97 3.6892 4350 10586.1 Test 0 0
Train 98 3.72874 4348 10577 Test 0 0
Train 99 3.76186 4348 10567.9 Test 0 0
