Train 0 0.322761 4852 16453.4 Test 0 0
Train 1 0.358719 4852 15305.4 Test 0 0
Train 2 0.39563 4851 14739.2 Test 0 0
Train 3 0.438201 4848 14367.4 Test 0 0
Train 4 0.478261 4845 14089 Test 0 0
Train 5 0.519974 4842 13865.1 Test 0 0
Train 6 0.558284 4837 13676.7 Test 0 0
Train 7 0.600508 4832 13513.4 Test 0 0
Train 8 0.641175 4829 13369.1 Test 0 0
Train 9 0.67854 4823 13239.4 Test 0 0
Train 10 0.710495 4817 13121.6 Test 0 0
Train 11 0.751406 4809 13013.7 Test 0 0
Train 12 0.790642 4801 12914.1 Test 0 0
Train 13 0.830541 4786 12821.7 Test 0 0
Train 14 0.871284 4772 12735.5 Test 0 0
Train 15 0.912826 4756 12654.7 Test 0 0
Train 16 0.951658 4736 12578.7 Test 0 0
Train 17 0.98997 4716 12507 Test 0 0
Train 18 1.02775 4707 12439.2 Test 0 0
Train 19 1.07086 4694 12375 Test 0 0
Train 20 1.11032 4684 12313.9 Test 0 0
Train 21 1.15075 4678 12255.8 Test 0 0
Train 22 1.18628 4660 12200.4 Test 0 0
Train 23 1.22865 4649 12147.2 Test 0 0
Train 24 1.26678 4641 12096.7 Test 0 0
Train 25 1.30161 4637 12048 Test 0 0
Train 26 1.34321 4637 12001.5 Test 0 0
Train 27 1.37803 4630 11956.6 Test 0 0
Train 28 1.41305 4624 11913.6 Test 0 0
Train 29 1.45593 4623 11872.3 Test 0 0
Train 30 1.49697 4611 11832.2 Test 0 0
Train 31 1.53159 4612 11793.7 Test 0 0
Train 32 1.56799 4604 11756.5 Test 0 0
Train 33 1.61111 4598 11720.5 Test 0 0
Train 34 1.64897 4589 11685.8 Test 0 0
Train 35 1.68896 4589 11652.1 Test 0 0
Train 36 1.73134 4588 11619.5 Test 0 0
Train 37 1.77258 4586 11587.9 Test 0 0
Train 38 1.80438 4582 11557.2 Test 0 0
Train 39 1.84298 4577 11527.5 Test 0 0
Train 40 1.88564 4572 11498.6 Test 0 0
Train 41 1.92869 4570 11470.7 Test 0 0
Train 42 1.96752 4571 11443.4 Test 0 0
Train 43 2.00837 4572 11416.9 Test 0 0
Train 44 2.05065 4568 11391.1 Test 0 0
Train 45 2.09137 4564 11366 Test 0 0
Train 46 2.12932 4557 11341.6 Test 0 0
Train 47 2.16516 4553 11317.7 Test 0 0
Train 48 2.20789 4551 11294.5 Test 0 0
Train 49 2.24896 4543 11271.9 Test 0 0
Train 50 2.28534 4541 11249.8 Test 0 0
Train 51 2.32277 4540 11228.3 Test 0 0
Train 52 2.36229 4536 11207.2 Test 0 0
Train 53 2.39912 4534 11186.7 Test 0 0
Train 54 2.43399 4527 11166.6 Test 0 0
Train 55 2.47611 4524 11147.1 Test 0 0
Train 56 2.51543 4518 11127.9 Test 0 0
Train 57 2.55336 4512 11109.2 Test 0 0
Train 58 2.59222 4510 11090.8 Test 0 0
Train 59 2.63052 4509 11072.9 Test 0 0
Train 60 2.66262 4508 11055.3 Test 0 0
Train 61 2.70237 4507 11038.1 Test 0 0
Train 62 2.74487 4505 11021.4 Test 0 0
Train 63 2.78293 4505 11004.9 Test 0 0
Train 64 2.82013 4498 10988.8 Test 0 0
Train 65 2.86364 4495 10972.9 Test 0 0
Train 66 2.9027 4492 10957.5 Test 0 0
Train 67 2.93514 4487 10942.2 Test 0 0
Train 68 2.97919 4486 10927.2 Test 0 0
Train 69 3.01823 4478 10912.7 Test 0 0
Train 70 3.05727 4470 10898.3 Test 0 0
Train 71 3.09992 4462 10884.2 Test 0 0
Train 72 3.13999 4460 10870.4 Test 0 0
Train 73 3.17885 4455 10856.7 Test 0 0
Train 74 3.21286 4453 10843.4 Test 0 0
Train 75 3.25669 4450 10830.3 Test 0 0
Train 76 3.29535 4442 10817.4 Test 0 0
Train 77 3.33205 4435 10804.8 Test 0 0
Train 78 3.36542 4427 10792.2 Test 0 0
Train 79 3.40349 4422 10780 Test 0 0
Train 80 3.43836 4413 10768 Test 0 0
Train 81 3.47566 4408 10756.1 Test 0 0
Train 82 3.51895 4403 10744.5 Test 0 0
Train 83 3.55861 4402 10733.1 Test 0 0
Train 84 3.59365 4399 10721.9 Test 0 0
Train 85 3.62515 4398 10710.9 Test 0 0
Train 86 3.66759 4394 10700 Test 0 0
Train 87 3.70672 4386 10689.2 Test 0 0
Train 88 3.74279 4378 10678.6 Test 0 0
Train 89 3.77609 4377 10668.2 Test 0 0
Train 90 3.81906 4380 10657.9 Test 0 0
Train 91 3.85598 4378 10647.9 Test 0 0
Train 92 3.89376 4371 10638 Test 0 0
Train 93 3.93397 4370 10628.2 Test 0 0
Train 94 3.97166 4358 10618.5 Test 0 0
Train 95 4.01059 4358 10609 Test 0 0
Train 96 4.05121 4351 10599.7 Test 0 0
Train 97 4.08774 4349 10590.5 Test 0 0
Train 98 4.12555 4348 10581.4 Test 0 0
Train 99 4.16766 4349 10572.5 Test 0 0
