Train 0 0.329869 4570 12087.3 Test 0 0
Train 0 0.325477 4570 12087.3 Test 0 0
Train 1 0.363528 4213 10491 Test 0 0
Train 2 0.400582 4058 9978.27 Test 0 0
Train 3 0.439782 3969 9757.14 Test 0 0
Train 4 0.478255 3923 9638 Test 0 0
Train 5 0.518257 3898 9562.01 Test 0 0
Train 6 0.555061 3869 9507.74 Test 0 0
Train 7 0.592775 3845 9466.2 Test 0 0
Train 8 0.633644 3819 9432.83 Test 0 0
Train 9 0.674298 3810 9405.5 Test 0 0
Train 10 0.712498 3791 9382.7 Test 0 0
Train 11 0.751811 3783 9363.42 Test 0 0
Train 12 0.790125 3771 9347.08 Test 0 0
Train 13 0.82929 3770 9333.16 Test 0 0
Train 14 0.867338 3765 9321.23 Test 0 0
Train 15 0.906139 3760 9310.85 Test 0 0
Train 16 0.944823 3749 9301.88 Test 0 0
Train 17 0.984018 3742 9294.08 Test 0 0
Train 18 1.02373 3738 9287.21 Test 0 0
Train 19 1.06278 3734 9281.22 Test 0 0
Train 20 1.10147 3726 9275.95 Test 0 0
Train 21 1.14115 3716 9271.23 Test 0 0
Train 22 1.17976 3712 9267.01 Test 0 0
Train 23 1.21939 3711 9263.22 Test 0 0
Train 24 1.25197 3711 9259.88 Test 0 0
Train 25 1.2842 3707 9256.78 Test 0 0
Train 26 1.32225 3699 9254.05 Test 0 0
Train 27 1.35706 3700 9251.48 Test 0 0
Train 28 1.38924 3698 9249.09 Test 0 0
Train 29 1.42802 3696 9246.9 Test 0 0
Train 30 1.45775 3692 9244.84 Test 0 0
Train 31 1.48947 3692 9242.94 Test 0 0
Train 32 1.52843 3692 9241.15 Test 0 0
Train 33 1.56042 3691 9239.39 Test 0 0
Train 34 1.59648 3689 9237.84 Test 0 0
Train 35 1.63473 3688 9236.37 Test 0 0
Train 36 1.66951 3692 9234.9 Test 0 0
Train 37 1.70551 3695 9233.55 Test 0 0
Train 38 1.74328 3691 9232.21 Test 0 0
Train 39 1.76903 3695 9230.9 Test 0 0
Train 40 1.80288 3699 9229.67 Test 0 0
Train 41 1.84155 3697 9228.45 Test 0 0
Train 42 1.874 3698 9227.3 Test 0 0
Train 43 1.90758 3699 9226.16 Test 0 0
Train 44 1.94496 3703 9225.1 Test 0 0
Train 45 1.97563 3702 9224 Test 0 0
Train 46 2.00729 3702 9222.98 Test 0 0
Train 47 2.04156 3703 9221.99 Test 0 0
Train 48 2.07521 3704 9220.97 Test 0 0
Train 49 2.11268 3703 9220.03 Test 0 0
Train 50 2.14014 3702 9219.12 Test 0 0
Train 51 2.17312 3702 9218.14 Test 0 0
Train 52 2.20971 3701 9217.22 Test 0 0
Train 53 2.23777 3702 9216.28 Test 0 0
Train 54 2.27158 3702 9215.39 Test 0 0
Train 55 2.30934 3700 9214.54 Test 0 0
Train 56 2.34325 3699 9213.68 Test 0 0
Train 57 2.37749 3700 9212.83 Test 0 0
Train 58 2.41209 3701 9211.97 Test 0 0
Train 59 2.44516 3701 9211.16 Test 0 0
Train 60 2.4748 3701 9210.36 Test 0 0
Train 61 2.50855 3701 9209.54 Test 0 0
Train 62 2.53845 3701 9208.74 Test 0 0
Train 63 2.57027 3701 9207.97 Test 0 0
Train 64 2.60219 3698 9207.19 Test 0 0
Train 65 2.63461 3699 9206.42 Test 0 0
Train 66 2.67373 3701 9205.7 Test 0 0
Train 67 2.70809 3702 9204.95 Test 0 0
Train 68 2.74094 3703 9204.22 Test 0 0
Train 69 2.77911 3702 9203.5 Test 0 0
Train 70 2.81132 3700 9202.85 Test 0 0
Train 71 2.84085 3700 9202.1 Test 0 0
Train 72 2.87654 3700 9201.42 Test 0 0
Train 73 2.91282 3698 9200.76 Test 0 0
Train 74 2.94018 3695 9200.09 Test 0 0
Train 75 2.97196 3697 9199.4 Test 0 0
Train 76 3.00427 3700 9198.7 Test 0 0
Train 77 3.04148 3700 9198.1 Test 0 0
Train 78 3.0684 3699 9197.44 Test 0 0
Train 79 3.10167 3697 9196.82 Test 0 0
Train 80 3.14087 3698 9196.19 Test 0 0
Train 81 3.17358 3698 9195.56 Test 0 0
Train 82 3.20712 3698 9194.95 Test 0 0
Train 83 3.24486 3699 9194.34 Test 0 0
Train 84 3.27441 3699 9193.77 Test 0 0
Train 85 3.30881 3699 9193.16 Test 0 0
Train 86 3.3504 3698 9192.6 Test 0 0
Train 87 3.38415 3701 9192 Test 0 0
Train 88 3.41525 3703 9191.44 Test 0 0
Train 89 3.45301 3702 9190.87 Test 0 0
Train 90 3.48435 3702 9190.33 Test 0 0
Train 91 3.51974 3703 9189.8 Test 0 0
Train 92 3.55527 3704 9189.25 Test 0 0
Train 93 3.58731 3706 9188.7 Test 0 0
Train 94 3.61776 3706 9188.17 Test 0 0
Train 95 3.65599 3708 9187.71 Test 0 0
Train 96 3.68801 3708 9187.18 Test 0 0
Train 97 3.72006 3707 9186.69 Test 0 0
Train 98 3.75761 3707 9186.19 Test 0 0
Train 99 3.78879 3706 9185.72 Test 0 0
Train 0 0.320535 4570 12087.3 Test 0 0
Train 1 0.349659 4213 10491 Test 0 0
Train 2 0.384519 4058 9978.27 Test 0 0
Train 3 0.421948 3969 9757.14 Test 0 0
Train 4 0.452492 3923 9638 Test 0 0
Train 5 0.483594 3898 9562.01 Test 0 0
Train 6 0.519531 3869 9507.74 Test 0 0
Train 7 0.550252 3845 9466.2 Test 0 0
Train 8 0.575944 3819 9432.83 Test 0 0
Train 9 0.613537 3810 9405.5 Test 0 0
Train 10 0.643594 3791 9382.7 Test 0 0
Train 11 0.675219 3783 9363.42 Test 0 0
Train 12 0.711424 3771 9347.08 Test 0 0
Train 13 0.741384 3770 9333.16 Test 0 0
Train 14 0.774493 3765 9321.23 Test 0 0
Train 15 0.810791 3760 9310.85 Test 0 0
Train 16 0.842486 3749 9301.88 Test 0 0
Train 17 0.874461 3742 9294.08 Test 0 0
Train 18 0.910488 3738 9287.21 Test 0 0
Train 19 0.942065 3734 9281.22 Test 0 0
Train 20 0.971959 3726 9275.95 Test 0 0
Train 21 1.00895 3716 9271.23 Test 0 0
Train 22 1.04176 3712 9267.01 Test 0 0
Train 23 1.07681 3711 9263.22 Test 0 0
Train 24 1.11414 3711 9259.88 Test 0 0
Train 25 1.1501 3707 9256.78 Test 0 0
Train 26 1.18066 3699 9254.05 Test 0 0
Train 27 1.21783 3700 9251.48 Test 0 0
Train 28 1.24647 3698 9249.09 Test 0 0
Train 29 1.28242 3696 9246.9 Test 0 0
Train 30 1.3196 3692 9244.84 Test 0 0
Train 31 1.34523 3692 9242.94 Test 0 0
Train 32 1.38192 3692 9241.15 Test 0 0
Train 33 1.41692 3691 9239.39 Test 0 0
Train 34 1.44557 3689 9237.84 Test 0 0
Train 35 1.4815 3688 9236.37 Test 0 0
Train 36 1.52151 3692 9234.9 Test 0 0
Train 37 1.5516 3695 9233.55 Test 0 0
Train 38 1.58101 3691 9232.21 Test 0 0
Train 39 1.61541 3695 9230.9 Test 0 0
Train 40 1.6464 3699 9229.67 Test 0 0
Train 41 1.68142 3697 9228.45 Test 0 0
Train 42 1.71462 3698 9227.3 Test 0 0
Train 43 1.74402 3699 9226.16 Test 0 0
Train 44 1.77759 3703 9225.1 Test 0 0
Train 45 1.81051 3702 9224 Test 0 0
Train 46 1.84566 3702 9222.98 Test 0 0
Train 47 1.88319 3703 9221.99 Test 0 0
Train 48 1.91304 3704 9220.97 Test 0 0
Train 49 1.94728 3703 9220.03 Test 0 0
Train 50 1.98459 3702 9219.12 Test 0 0
Train 51 2.01387 3702 9218.14 Test 0 0
Train 52 2.0491 3701 9217.22 Test 0 0
Train 53 2.08838 3702 9216.28 Test 0 0
Train 54 2.12228 3702 9215.39 Test 0 0
Train 55 2.15423 3700 9214.54 Test 0 0
Train 56 2.19193 3699 9213.68 Test 0 0
Train 57 2.22439 3700 9212.83 Test 0 0
Train 58 2.25706 3701 9211.97 Test 0 0
Train 59 2.29487 3701 9211.16 Test 0 0
Train 60 2.32789 3701 9210.36 Test 0 0
Train 61 2.35891 3701 9209.54 Test 0 0
Train 62 2.39365 3701 9208.74 Test 0 0
Train 63 2.42625 3701 9207.97 Test 0 0
Train 64 2.4608 3698 9207.19 Test 0 0
Train 65 2.49909 3699 9206.42 Test 0 0
Train 66 2.5287 3701 9205.7 Test 0 0
Train 67 2.56321 3702 9204.95 Test 0 0
Train 68 2.59857 3703 9204.22 Test 0 0
Train 69 2.62517 3702 9203.5 Test 0 0
Train 70 2.65547 3700 9202.85 Test 0 0
Train 71 2.69158 3700 9202.1 Test 0 0
Train 72 2.72374 3700 9201.42 Test 0 0
Train 73 2.75844 3698 9200.76 Test 0 0
Train 74 2.79755 3695 9200.09 Test 0 0
Train 75 2.83313 3697 9199.4 Test 0 0
Train 76 2.86511 3700 9198.7 Test 0 0
Train 77 2.90347 3700 9198.1 Test 0 0
Train 78 2.93599 3699 9197.44 Test 0 0
Train 79 2.9654 3697 9196.82 Test 0 0
Train 80 3.003 3698 9196.19 Test 0 0
Train 81 3.03703 3698 9195.56 Test 0 0
Train 82 3.0713 3698 9194.95 Test 0 0
Train 83 3.11023 3699 9194.34 Test 0 0
Train 84 3.14155 3699 9193.77 Test 0 0
Train 85 3.17446 3699 9193.16 Test 0 0
Train 86 3.21558 3698 9192.6 Test 0 0
Train 87 3.25362 3701 9192 Test 0 0
Train 88 3.28654 3703 9191.44 Test 0 0
Train 89 3.32434 3702 9190.87 Test 0 0
Train 90 3.3586 3702 9190.33 Test 0 0
Train 91 3.3893 3703 9189.8 Test 0 0
Train 92 3.42801 3704 9189.25 Test 0 0
Train 93 3.46017 3706 9188.7 Test 0 0
Train 94 3.49104 3706 9188.17 Test 0 0
Train 95 3.5293 3708 9187.71 Test 0 0
Train 96 3.56055 3708 9187.18 Test 0 0
Train 97 3.59065 3707 9186.69 Test 0 0
Train 98 3.62963 3707 9186.19 Test 0 0
Train 99 3.66308 3706 9185.72 Test 0 0
